49,4
49,3
49,2
49,1
49,0
48,3
48,2
48,1
48,0
47,3
47,2
47,1
47,0
46,5
46,4
46,3
46,2
46,1
46,0
45,4
45,3
10,298
45,2
10,154
45,1
45,0
43,5
43,4
10,238
10,234
43,3
10,286
43,2
10,98
10,280
43,1
43,0
40,5
40,4
40,3
40,2
40,1
40,0
38,5
38,4
38,3
38,2
10,2
10,3
38,1
38,0
36,5
36,4
36,3
36,2
9,7
36,1
36,0
29,5
8,4
8,18
29,1
8,5
26,3
26,1
12,2
12,1
11,29
11,28
11,27
12,3
11,26
11,25
11,24
11,23
11,22
11,21
11,20
11,19
11,18
11,17
11,16
11,15
11,14
11,12
11,10
11,8
11,6
11,5
11,4
11,3
20,2
20,1
11,2
20,3
11,1
19,2
10,313
10,293
19,1
10,284
19,3
10,246
10,218
10,210
10,186
10,112
10,32
